salida
propiedad1 60 50 100 2 10 30 90 160 250
comunidad
propiedad2 60 50 100 4 20 60 180 320 450
IncomeTax
estacion1 200 25 50 100 200
propiedad3 100 50 100 6 30 90 270 400 550
suerte
propiedad4 100 50 100 6 30 90 270 400 550
propiedad5 120 50 100 8 40 100 300 450 600
prision
propiedad6 140 100 200 10 50 150 450 625 750
companiaElectrica 150
propiedad7 140 100 200 10 50 150 450 625 750
propieda8 160 100 200 12 60 180 500 700 900 
estacion2 200 25 50 100 200
propiedad9 180 100 200 14 70 200 550 700 950
comunidad
propiedad10 180 100 200 14 70 200 550 700 950
propiedad11 200 100 200 16 80 220 600 800 1000
parking
propiedad12 220 150 300 18 90 250 700 875 1050
suerte
propiedad13 220 150 300 18 90 250 700 875 1050
propiedad14 240 150 300 20 100 300 750 925 1100
estacion3 200 25 50 100 200
propiedad15 260 150 300 22 110 330 800 975 1150
propiedad16 260 150 300 22 110 330 800 975 1150
companiaAguas 150
propiedad17 280 150 300 24 120 360 850 1025 1200
policia
propiedad18 280 150 300 24 120 360 850 1025 1200
propiedad19 300 200 400 26 130 390 900 1100 1275
comunidad
propiedad20 320 200 400 28 150 450 1000 1200 1400
estacion4 200 25 50 100 200
suerte
propiedad21 350 200 400 35 175 500 1100 1300 1500
luxaryTax
propiedad22 400 200 400 50 200 600 1400 1700 2000